device is cuda
load from previous checkpoint:  False
epoch start number:  0
Total number of epochs:  20
loss function:  mse
batch size:  128
image size is :  64
saving every  2  num of epochs
track loss based on train or test?:  train
learning rate:  0.0005
stop learning when diff between two successive loss is less than:  1e-06
latent dimension:  128
beta:  0.0008
saving  3  num of train and test image at every epoch
deleting previous data
Files already downloaded and verified
Files already downloaded and verified
average smiling vector: tensor([[-0.2694, -0.2934,  0.0533,  0.4701, -0.4873, -0.3718,  0.2128,  0.0163,
          0.4264,  0.1242,  0.0062,  0.4037, -0.4184,  0.1196,  0.3528,  0.3285,
         -0.0407,  0.5035,  0.2817, -0.6931,  0.3190,  0.1616,  0.0305,  0.1392,
          0.3398,  0.3319, -0.0782,  0.1624, -0.5267,  0.4503, -0.4438, -0.1952,
          0.0971, -0.0127,  0.4191, -0.3037, -0.2338, -0.0844, -0.0911, -0.6926,
          0.1065,  0.4209, -0.5312, -0.2091,  0.6412,  0.2952,  0.1932,  0.2333,
         -0.3100,  0.2293,  0.2665,  0.0825,  0.1358,  0.0414,  0.3553,  0.3410,
         -0.4179,  0.6319,  0.3438, -0.0237, -0.3908, -0.3741, -0.0064, -0.2617,
         -0.6876,  0.2294, -0.1864,  0.1764, -0.1267, -0.1007,  0.4886, -0.6035,
         -0.8943, -0.2584,  0.3659, -0.3561,  0.0584,  0.0039,  0.4093,  0.4269,
          0.2163, -0.3728, -0.4250,  0.0633,  0.0134,  0.1288, -0.1829,  0.1717,
         -0.0529,  0.2946, -0.2251,  0.1628,  0.3723, -0.3836, -0.3522,  0.3824,
          0.0626,  0.3292, -0.0089, -0.3296,  0.2262, -0.3860,  0.1032, -0.2295,
          0.5240,  0.0311, -0.2929,  0.0795, -0.2674,  0.0923, -0.3652, -0.0101,
          0.5655, -0.1056,  0.0636, -0.4570,  0.0592, -0.1394,  0.1243, -0.3813,
          0.0848, -0.5464,  0.4983, -0.0868,  0.2844, -0.0200,  0.0860,  0.2582]],
       device='cuda:0')
average not smiling vector: tensor([[-0.2992, -0.3968,  0.0527,  0.4995, -0.3839, -0.5117,  0.4849,  0.0170,
          0.5289,  0.2205,  0.0625,  0.2737, -0.4504,  0.1036,  0.2405,  0.3296,
         -0.0541,  0.4951,  0.1582, -0.4574,  0.1711,  0.1594, -0.0139,  0.0159,
          0.3441,  0.2700, -0.0665,  0.1552, -0.5648,  0.4235, -0.3861, -0.1169,
         -0.3323, -0.0046,  0.4920, -0.3497, -0.2423, -0.1054, -0.0724, -0.4771,
          0.1191,  0.4024, -0.2884, -0.3133,  0.4034,  0.1201,  0.4241,  0.1425,
         -0.3628,  0.4852,  0.4087,  0.0966,  0.2185,  0.0345,  0.5336,  0.4556,
         -0.6087,  0.0194,  0.4830,  0.1641, -0.4367, -0.3726, -0.1202, -0.4760,
         -0.4004,  0.1992, -0.4070,  0.4167, -0.0442, -0.0686,  0.3132, -0.5260,
         -0.7170, -0.3355,  0.2576, -0.5414, -0.0737, -0.0017,  0.4029,  0.3035,
          0.3277, -0.3397, -0.5497, -0.2583,  0.0072,  0.2053, -0.3133,  0.2148,
         -0.0762,  0.1774,  0.1061,  0.4025,  0.1215, -0.2043, -0.3954,  0.2768,
          0.2267,  0.1874, -0.4502, -0.6087,  0.4167, -0.4406,  0.0998, -0.3472,
          0.4490,  0.0221, -0.1811,  0.0777, -0.4697,  0.0999, -0.3396, -0.1825,
          0.4417, -0.1565,  0.0567, -0.3466,  0.0555, -0.0383,  0.1468, -0.4661,
         -0.0318, -0.3683,  0.3840,  0.3854,  0.4549, -0.0188, -0.0570,  0.2857]],
       device='cuda:0')
smiling direction: tensor([[ 2.9876e-02,  1.0339e-01,  5.6711e-04, -2.9415e-02, -1.0343e-01,
          1.3981e-01, -2.7209e-01, -6.9073e-04, -1.0252e-01, -9.6313e-02,
         -5.6305e-02,  1.3000e-01,  3.2005e-02,  1.6029e-02,  1.1232e-01,
         -1.1101e-03,  1.3363e-02,  8.4229e-03,  1.2356e-01, -2.3570e-01,
          1.4795e-01,  2.1949e-03,  4.4449e-02,  1.2330e-01, -4.3058e-03,
          6.1901e-02, -1.1732e-02,  7.1823e-03,  3.8106e-02,  2.6744e-02,
         -5.7619e-02, -7.8224e-02,  4.2944e-01, -8.1165e-03, -7.2886e-02,
          4.6009e-02,  8.5126e-03,  2.0945e-02, -1.8758e-02, -2.1548e-01,
         -1.2692e-02,  1.8479e-02, -2.4278e-01,  1.0423e-01,  2.3780e-01,
          1.7518e-01, -2.3093e-01,  9.0741e-02,  5.2814e-02, -2.5597e-01,
         -1.4222e-01, -1.4198e-02, -8.2707e-02,  6.9437e-03, -1.7833e-01,
         -1.1459e-01,  1.9082e-01,  6.1251e-01, -1.3917e-01, -1.8788e-01,
          4.5849e-02, -1.4857e-03,  1.1377e-01,  2.1436e-01, -2.8717e-01,
          3.0150e-02,  2.2056e-01, -2.4028e-01, -8.2507e-02, -3.2126e-02,
          1.7545e-01, -7.7576e-02, -1.7725e-01,  7.7092e-02,  1.0834e-01,
          1.8526e-01,  1.3214e-01,  5.6237e-03,  6.3712e-03,  1.2344e-01,
         -1.1138e-01, -3.3008e-02,  1.2471e-01,  3.2156e-01,  6.1541e-03,
         -7.6556e-02,  1.3039e-01, -4.3060e-02,  2.3307e-02,  1.1726e-01,
         -3.3129e-01, -2.3972e-01,  2.5077e-01, -1.7926e-01,  4.3215e-02,
          1.0565e-01, -1.6413e-01,  1.4176e-01,  4.4126e-01,  2.7916e-01,
         -1.9048e-01,  5.4519e-02,  3.3498e-03,  1.1767e-01,  7.5003e-02,
          8.9333e-03, -1.1186e-01,  1.8067e-03,  2.0229e-01, -7.5735e-03,
         -2.5635e-02,  1.7240e-01,  1.2382e-01,  5.0967e-02,  6.9036e-03,
         -1.1036e-01,  3.7272e-03, -1.0114e-01, -2.2509e-02,  8.4749e-02,
          1.1665e-01, -1.7806e-01,  1.1433e-01, -4.7223e-01, -1.7049e-01,
         -1.1530e-03,  1.4293e-01, -2.7542e-02]], device='cuda:0')
